              precision    recall  f1-score   support

           0       0.58      0.60      0.59        35
           1       0.30      0.36      0.33        36
           2       0.41      0.74      0.53        35
           3       0.52      0.37      0.43        35
           4       0.45      0.40      0.42        35
           5       0.33      0.11      0.17        35

    accuracy                           0.43       211
   macro avg       0.43      0.43      0.41       211
weighted avg       0.43      0.43      0.41       211
