              precision    recall  f1-score   support

           0       0.54      0.74      0.63        35
           1       0.55      0.47      0.51        36
           2       0.62      0.66      0.64        35
           3       0.53      0.49      0.51        35
           4       0.41      0.40      0.41        35
           5       0.41      0.34      0.38        35

    accuracy                           0.52       211
   macro avg       0.51      0.52      0.51       211
weighted avg       0.51      0.52      0.51       211
