              precision    recall  f1-score   support

           0       0.40      0.58      0.47        45
           1       0.18      0.08      0.11        24
           2       0.24      0.21      0.23        28
           3       0.49      0.58      0.53        31
           4       0.00      0.00      0.00        16
           5       0.28      0.29      0.29        24

    accuracy                           0.35       168
   macro avg       0.26      0.29      0.27       168
weighted avg       0.30      0.35      0.32       168
