              precision    recall  f1-score   support

           0       0.28      0.84      0.42        45
           1       0.33      0.04      0.07        24
           2       0.35      0.25      0.29        28
           3       0.00      0.00      0.00        31
           4       0.00      0.00      0.00        16
           5       0.29      0.08      0.13        24

    accuracy                           0.29       168
   macro avg       0.21      0.20      0.15       168
weighted avg       0.22      0.29      0.19       168
