              precision    recall  f1-score   support

           0       0.56      0.86      0.67        35
           1       0.58      0.50      0.54        36
           2       0.68      0.54      0.60        35
           3       0.68      0.49      0.57        35
           4       0.60      0.69      0.64        35
           5       0.45      0.43      0.44        35

    accuracy                           0.58       211
   macro avg       0.59      0.58      0.58       211
weighted avg       0.59      0.58      0.58       211
