              precision    recall  f1-score   support

           0       0.50      0.86      0.63        35
           1       0.63      0.47      0.54        36
           2       0.61      0.49      0.54        35
           3       0.50      0.26      0.34        35
           4       0.53      0.57      0.55        35
           5       0.45      0.51      0.48        35

    accuracy                           0.53       211
   macro avg       0.54      0.53      0.51       211
weighted avg       0.54      0.53      0.51       211
